1,15-19,10,6,3,2,,1,,,,,,,,,,,,,,,,,
2,,15,10,6,3,2,,,,,,,,,,,,,,,,,,
3,,,15,10,6,3,,,,,1,,,,,,,,,,,,,
4,,,15-19,11-12,7,4,,2,,,,,,,,,,,,,,,,
5,,,,17-20,11-14,7,5-6,3,,2,,,,,1,1,,,,,,,,
6,,,,,14,8-9,6,4,3,,2,,,,,1,1,,,,,,,
7,,,,,15-16,10,7,5-6,3,,,2,,,,,,1,1,,,,,
8,,,,,16-20,11-12,8-9,6,4,3,,,2,,,,,,1,1,,,,
9,,,,,18-20,11-13,9-10,,4-5,4,3,,2,2,,,,,,1,1,,,
10,,,,,,13-14,10,7,5-6,4,3,,,2,2,,,,,,1,1,,
11,,,,,,15,11-13,8-10,6,5-6,4,3,,,2,2,,,,,,,1,1
12,,,,,,15-19,13-14,10,7,6,5-6,4,3,,,,2,2,,,,,,
13,,,,,,17-20,,11-12,7-8,,6,4-5,,3,,,,2,2,,,,,
14,,,,,,19-20,15,11-13,8-9,7,6,5,4,3,3,,,2,2,,,,,
15,,,,,,,15-17,12-14,9-10,7-8,,5-6,4,4,3,,,,2,2,,,,
16,,,,,,,16-20,14,10,8-9,7,6,5,4,3,3,,,,2,2,,,
17,,,,,,,19-20,15,11-12,10,8-9,7,6,5,4,4,3,,,,2,2,2,
18,,,,,,,,15-16,11-13,10,8-10,7,6,5-6,4-5,4,3,3,,,,2,2,
19,,,,,,,,15-19,13-14,11-12,10,7-8,,6,5,4-5,4,3,3,,,,2,2
20,,,,,,,,18-20,,12-14,11,8-10,7,,6,5,4,4,3,3,,,,