1,11-12,6,3,2,,,,,,,,,,,,,,,,,,,,
2,15-19,10,6,3,2,,1,,,,,,,,,,,,,,,,,
3,,15,10,6,3,2,,,,,,,,,,,,,,,,,,
4,,15-19,11-12,7,4,,,,1,,,,,,,,,,,,,,,
5,,,17-20,11-14,7-8,4,3,2,,,,1,,,,,,,,,,,,
6,,,,14,9-10,5-6,3,,2,,,,1,,,,,,,,,,,
7,,,,15-16,11,6,4,3,2,,,,,1,,,,,,,,,,
8,,,,16-20,11-13,7,5,3,,2,,,,,1,,,,,,,,,
9,,,,18-20,12-14,7-8,6,4,,,2,,,,1,1,,,,,,,,
10,,,,,14,8-9,6,4,3,,2,,,,,1,1,,,,,,,
11,,,,,15-17,10,7-8,5-6,3,3,,2,,,,,,1,1,,,,,
12,,,,,17-20,11-12,8-10,,4,3,3,,2,,,,,,,1,,,,
13,,,,,20,12-14,9-10,7,5,4,3,,,2,,,,,,,1,,,
14,,,,,,13-14,10,7-8,5-6,4,3,,,2,2,,,,,,1,1,1,
15,,,,,,,11,7-9,6,5,4,3,,,2,,,,,,,1,1,
16,,,,,,15,11-13,8-10,6,5-6,4,3,,,2,2,,,,,,,1,1
17,,,,,,15-19,13-14,10,7,6,5,4,3,,,,2,,,,,,,
18,,,,,,16-20,14,11,7-8,,5-6,4,3,3,,,2,2,,,,,,
19,,,,,,19-20,15,11-12,8-9,7,6,5,4,3,,,,2,2,,,,,
20,,,,,,,15-17,12-14,9-10,7-8,,5-6,4,4,3,,,,2,2,,,,